0,502
0,501
0,500
0,499
0,498
0,497
0,496
0,495
0,494
0,493
0,492
0,491
0,490
0,489
0,488
0,487
0,486
0,485
0,484
0,483
0,482
0,481
0,480
0,479
0,478
0,477
0,476
0,475
0,474
0,473
0,472
0,471
0,243
0,470
0,469
0,468
30,1
30,3
29,2
29,5
29,4
29,1
29,3
26,1
26,3
27,4
27,1
27,3
3,2
3,1
3,3
10,97
10,171
10,165
10,143
10,121
10,275
10,269
10,1
10,119
10,2
10,3
11,11
11,22
11,20
11,8
11,25
11,26
11,1
11,7
11,2
11,3
9,7
9,1
9,5
9,2
9,3
8,13
8,14
8,15
8,8
8,5
8,1
8,10
8,2
8,3
12,2
12,1
12,3
20,2
20,1
20,3
19,2
19,1
19,3
18,1
18,3
14,1
14,3
